0
0
1
2
1
2
2
2
2
2
3
4
5
6
7
8
9
10
11
11
12
13
14
15
15
16
16
16
16
16
17
18
18
18
19
19
19
19
19
19
19
19
19
19
19
19
19
19
19
19
19
20
20
20
20
20
20
20
20
20
20
20
20
20
20
20
21
22
23
23
24
22
22
23
23
22
22
23
23
23
23
22
25
25
25
25
26
26
26
26
26
26
26
26
27
27
27
27
27
27
27
27
27
27
0
0
0
0
0
0
0
28
28
28
29
29
29
29
30
30
29
31
31
31
31
19
25
25
25
25
25
32
32
32
32
22
23
22
23
22
33
22
34
35
13
36
37
38
39
40
41
19
19
42
19
43
43
43
25
25
26
26
44
27
27
27
27
45
22
22
22
22
24
41
46
25
20
0
22
22
22
27
47
48
28
28
49
0
0
29
29
43
50
51
41
16
16
16
16
16
31
31
36
52
52
52
52
52
29
27
27
27
27
27
27
12
12
22
53
19
19
53
53
19
53
19
53
19
53
53
53
53
53
53
53
10
10
10
10
10
10
10
54
54
54
54
54
54
54
54
7
55
56
57
13
13
28
28
9
20
58
26
26
26
26
59
53
0
16
16
19
53
53
53
53
53
53
53
53
53
22
36
36
30
29
60
60
31
31
31
31
31
27
27
27
27
27
27
27
27
27
61
61
61
17
17
61
62
0
0
0
15
22
22
22
16
31
63
64
27
27
27
27
29
29
53
53
8
8
8
8
8
8
8
8
8
65
65
9
9
9
9
50
66
67
68
20
69
69
22
70
71
72
73
72
73
72
73
70
74
75
76
77
77
78
63
79
80
80
80
80
81
81
81
81
81
82
36
53
53
53
53
53
53
53
31
83
83
13
84
85
86
86
85
87
88
88
89
61
90
90
90
90
90
26
91
91
92
92
93
90
90
90
94
22
22
36
10
10
10
10
10
10
10
95
95
95
95
15
15
15
15
95
95
15
15
15
15
15
15
15
15
15
15
15
96
96
96
96
97
31
0
0
27
27
27
27
27
27
27
27
27
27
27
27
27
27
27
27
27
27
27
27
27
27
27
27
96
96
96
96
98
99
100
101
17
102
103
103
104
104
26
105
13
22
22
22
20
36
36
106
7
7
7
7
107
108
8
26
26
26
26
109
109
109
109
109
109
31
89
89
110
97
97
97
22
22
22
22
22
22
22
22
111
111
111
111
111
111
30
29
29
111
111
111
29
29
30
29
63
63
112
112
113
114
74
115
20
20
20
20
20
20
20
20
20
61
27
27
27
27
27
27
27
27
27
27
27
27
10
10
10
10
10
10
10
10
10
10
10
10
10
10
10
10
10
10
10
31
69
69
69
59
59
59
15
15
15
15
15
15
81
81
81
81
116
90
90
90
90
90
90
90
90
90
90
90
90
90
90
90
90
90
90
90
90
90
90
90
90
90
90
90
90
90
90
90
90
90
90
90
90
90
90
90
90
90
90
90
90
90
90
90
90
29
29
80
80
80
80
80
80
117
78
78
78
78
78
22
22
22
22
22
118
119
120
60
28
121
121
53
53
53
53
53
53
53
36
36
36
122
36
123
36
36
0
124
0
0
90
90
90
90
36
122
36
72
36
36
36
36
110
29
99
0
121
17
63
63
63
63
63
125
30
126
78
78
78
78
99
10
10
10
10
80
80
36
123
122
36
36
122
30
29
29
72
90
90
90
90
90
90
90
90
90
90
31
127
29
110
80
78
78
12
29
90
20
20
20
26
128
129
29
29
29
29
90
90
90
90
90
90
90
90
90
90
90
90
90
90
90
130
131
72
20
132
69
133
40
134
135
28
136
17
10
36
36
36
137
137
138
0
0
0
0
22
22
22
22
22
22
22
78
78
78
78
78
78
78
78
78
78
78
78
78
78
78
78
78
78
53
53
53
53
53
15
15
15
90
90
90
90
90
90
90
90
90
90
90
90
90
90
90
90
90
90
90
90
90
80
80
80
80
139
140
133
20
20
29
111
29
111
111
29
29
29
29
29
29
61
61
22
22
22
22
22
22
22
22
22
22
22
22
22
22
22
22
22
78
78
78
78
78
141
142
142
143
143
22
27
53
53
53
53
53
53
144
80
80
145
135
15
15
15
15
15
15
10
10
138
31
31
31
31
31
90
90
90
90
90
90
90
90
90
90
90
90
90
90
90
90
90
90
90
90
90
90
69
146
17
131
111
111
69
147
148
149
80
31
150
150
151
151
151
29
29
111
29
29
29
29
29
29
29
29
29
17
17
17
99
152
153
78
78
78
78
78
78
78
78
78
78
78
78
15
15
15
22
22
22
22
29
29
29
29
111
29
29
29
29
7
7
7
7
154
154
23
9
9
155
155
156
157
157
157
157
158
159
97
160
72
161
162
162
161
161
77
59
59
43
50
50
43
163
164
20
20
20
20
20
20
20
20
33
33
165
27
27
27
27
27
27
27
27
22
22
22
22
22
22
22
22
17
17
13
19
19
19
19
19
19
19
19
19
10
10
10
10
10
10
10
10
10
10
10
10
10
10
0
0
0
0
0
166
166
166
166
166
166
166
166
166
166
167
166
166
25
25
63
26
26
26
168
169
170
171
171
29
29
29
29
172
43
173
174
25
175
22
22
27
27
176
177
178
179
180
181
182
183
183
183
183
183
184
184
184
185
185
185
185
186
186
186
186
58
187
26
188
188
189
189
66
161
161
161
