01797763795
01797763795
09518631859
01729573829
09518631859
01729573829
01729573829
01729573829
01729573829
01729573829
4917621239012
01605304763
095141742
08000214444
017624438044
01755663583
01799015441
01797581622
015787103081
015787103081
01791308340
01631904070
015238502573
01638200984
01638200984
017663085869
017663085869
017663085869
017663085869
017663085869
01758414687
09518632860
09518632860
09518632860
017674550739
017674550739
017674550739
017674550739
017674550739
017674550739
017674550739
017674550739
017674550739
017674550739
017674550739
017674550739
017674550739
017674550739
017674550739
017674550739
017674550739
017696971320
017696971320
017696971320
017696971320
017696971320
017696971320
017696971320
017696971320
017696971320
017696971320
017696971320
017696971320
017696971320
017696971320
017696971320
095126516
01797358457
017615188288
017615188288
09514081302
01797358457
01797358457
017615188288
017615188288
01797358457
01797358457
017615188288
017615188288
017615188288
017615188288
01797358457
00491795224260
00491795224260
00491795224260
00491795224260
017620106103
017620106103
017620106103
017620106103
017620106103
017620106103
017620106103
017620106103
01796887453
01796887453
01796887453
01796887453
01796887453
01796887453
01796887453
01796887453
01796887453
01796887453
01797763795
01797763795
01797763795
01797763795
01797763795
01797763795
01797763795
01799040874
01799040874
01799040874
09502250
09502250
09502250
09502250
09502229627
09502229627
09502250
017663208251
017663208251
017663208251
017663208251
017674550739
00491795224260
00491795224260
00491795224260
00491795224260
00491795224260
017621753882
017621753882
017621753882
017621753882
01797358457
017615188288
01797358457
017615188288
01797358457
01741879334
01797358457
01728634550
72755
01631904070
01753775614
*#*#8255#*#*
01778121122
09518632866
09513015016
017624003575
017674550739
017674550739
095135481
017674550739
017670328532
017670328532
017670328532
00491795224260
00491795224260
017620106103
017620106103
009518633501
01796887453
01796887453
01796887453
01796887453
09512098813
01797358457
01797358457
01797358457
01797358457
09514081302
017624003575
015208466520
00491795224260
017696971320
01797763795
01797358457
01797358457
01797358457
01796887453
14014
08009323322
01799040874
01799040874
01793000333
01797763795
01797763795
09502250
09502250
017670328532
09514088685
01636740020
017624003575
017663085869
017663085869
017663085869
017663085869
017663085869
017663208251
017663208251
01753775614
017662145708
017662145708
017662145708
017662145708
017662145708
09502250
01796887453
01796887453
01796887453
01796887453
01796887453
01796887453
01791308340
01791308340
01797358457
017630779139
017674550739
017674550739
017630779139
017630779139
017674550739
017630779139
017674550739
017630779139
017674550739
017630779139
017630779139
017630779139
017630779139
017630779139
017630779139
017630779139
01797581622
01797581622
01797581622
01797581622
01797581622
01797581622
01797581622
015735182585
015735182585
015735182585
015735182585
015735182585
015735182585
015735182585
015735182585
017624438044
017662094227
01751566801
01759809989
01631904070
01631904070
01799040874
01799040874
01799015441
017696971320
01797071312
017620106103
017620106103
017620106103
017620106103
01773210862
017630779139
01797763795
017663085869
017663085869
017674550739
017630779139
017630779139
017630779139
017630779139
017630779139
017630779139
017630779139
017630779139
017630779139
01797358457
01753775614
01753775614
09502229627
09502250
015155625690
015155625690
017663208251
017663208251
017663208251
017663208251
017663208251
01796887453
01796887453
01796887453
01796887453
01796887453
01796887453
01796887453
01796887453
01796887453
01779639403
01779639403
01779639403
01758414687
01758414687
01779639403
08923237156
01797763795
01797763795
01797763795
01638200984
01797358457
01797358457
01797358457
017663085869
017663208251
015126890606
017631699790
01796887453
01796887453
01796887453
01796887453
09502250
09502250
017630779139
017630779139
01755663583
01755663583
01755663583
01755663583
01755663583
01755663583
01755663583
01755663583
01755663583
017660160600
017660160600
01799015441
01799015441
01799015441
01799015441
09514088685
017666629752
015123444746
015254017411
017696971320
01771756542
01771756542
01797358457
016094927826
017622669300
017624294015
004917624294015
017624294015
004917624294015
017624294015
004917624294015
016094927826
01791358384
01604488871
6275363
01704630737
01704630737
015140379469
015126890606
01738242521
015128151511
015128151511
015128151511
015128151511
01773639896
01773639896
01773639896
01773639896
01773639896
09119404140
01753775614
017630779139
017630779139
017630779139
017630779139
017630779139
017630779139
017630779139
017663208251
016097807737
016097807737
01631904070
08001888444
071535759900
095125767
095125767
071535759900
09312608250
017663760512
017663760512
01716033403
01779639403
01604828587
01604828587
01604828587
01604828587
01604828587
017620106103
01604536639
01604536639
01603286058
01603286058
095130130477
01604828587
01604828587
01604828587
015126740930
01797358457
01797358457
01753775614
01797581622
01797581622
01797581622
01797581622
01797581622
01797581622
01797581622
09513702217
09513702217
09513702217
09513702217
01638200984
01638200984
01638200984
01638200984
09513702217
09513702217
01638200984
01638200984
01638200984
01638200984
01638200984
01638200984
01638200984
01638200984
01638200984
01638200984
01638200984
017663062697
017663062697
017663062697
017663062697
017624130225
017663208251
01797763795
01797763795
01796887453
01796887453
01796887453
01796887453
01796887453
01796887453
01796887453
01796887453
01796887453
01796887453
01796887453
01796887453
01796887453
01796887453
01796887453
01796887453
01796887453
01796887453
01796887453
01796887453
01796887453
01796887453
01796887453
01796887453
017663062697
017663062697
017663062697
017663062697
01778738685
01781809264
015731334629
015731576357
01758414687
015771941410
095193505
095193505
095122762
095122762
017620106103
0951774900
01631904070
01797358457
01797358457
01797358457
017696971320
01753775614
01753775614
01785548259
017624438044
017624438044
017624438044
017624438044
095167217
01019
01755663583
017620106103
017620106103
017620106103
017620106103
095024908832
095024908832
095024908832
095024908832
095024908832
095024908832
017663208251
01716033403
01716033403
015784337520
017624130225
017624130225
017624130225
01797358457
01797358457
01797358457
01797358457
01797358457
01797358457
01797358457
01797358457
01725867560
01725867560
01725867560
01725867560
01725867560
01725867560
09502229627
09502250
09502250
01725867560
01725867560
01725867560
09502250
09502250
09502229627
09502250
015126890606
015126890606
01714962587
01714962587
015780370886
08001282828
01791358384
01738078011
017696971320
017696971320
017696971320
017696971320
017696971320
017696971320
017696971320
017696971320
017696971320
01779639403
01796887453
01796887453
01796887453
01796887453
01796887453
01796887453
01796887453
01796887453
01796887453
01796887453
01796887453
01796887453
01797581622
01797581622
01797581622
01797581622
01797581622
01797581622
01797581622
01797581622
01797581622
01797581622
01797581622
01797581622
01797581622
01797581622
01797581622
01797581622
01797581622
01797581622
01797581622
017663208251
01771756542
01771756542
01771756542
01773210862
01773210862
01773210862
01638200984
01638200984
01638200984
01638200984
01638200984
01638200984
01773639896
01773639896
01773639896
01773639896
01731549987
01604828587
01604828587
01604828587
01604828587
01604828587
01604828587
01604828587
01604828587
01604828587
01604828587
01604828587
01604828587
01604828587
01604828587
01604828587
01604828587
01604828587
01604828587
01604828587
01604828587
01604828587
01604828587
01604828587
01604828587
01604828587
01604828587
01604828587
01604828587
01604828587
01604828587
01604828587
01604828587
01604828587
01604828587
01604828587
01604828587
01604828587
01604828587
01604828587
01604828587
01604828587
01604828587
01604828587
01604828587
01604828587
01604828587
01604828587
01604828587
09502250
09502250
015128151511
015128151511
015128151511
015128151511
015128151511
015128151511
017664315252
015140379469
015140379469
015140379469
015140379469
015140379469
01797358457
01797358457
01797358457
01797358457
01797358457
015111246058
015773166549
0951871550
015155625690
01799040874
095157980
095157980
017630779139
017630779139
017630779139
017630779139
017630779139
017630779139
017630779139
01753775614
01753775614
01753775614
09519163897
01753775614
09515090868
01753775614
01753775614
01797763795
095155577
01797763795
01797763795
01604828587
01604828587
01604828587
01604828587
01753775614
09519163897
01753775614
017624294015
01753775614
01753775614
01753775614
01753775614
015784337520
09502250
01781809264
01797763795
095157980
01758414687
015126890606
015126890606
015126890606
015126890606
015126890606
016098507292
09502229627
091192703098
015140379469
015140379469
015140379469
015140379469
01781809264
01797581622
01797581622
01797581622
01797581622
015128151511
015128151511
01753775614
09515090868
09519163897
01753775614
01753775614
09519163897
09502229627
09502250
09502250
017624294015
01604828587
01604828587
01604828587
01604828587
01604828587
01604828587
01604828587
01604828587
01604828587
01604828587
017663208251
004995161028
09502250
015784337520
015128151511
015140379469
015140379469
01791308340
09502250
01604828587
017696971320
017696971320
017696971320
017620106103
01707705006
017638387307
09502250
09502250
09502250
09502250
01604828587
01604828587
01604828587
01604828587
01604828587
01604828587
01604828587
01604828587
01604828587
01604828587
01604828587
01604828587
01604828587
01604828587
01604828587
016091960923
015785542675
017624294015
017696971320
08394926614
01771756542
017631698334
09513015016
17911017624003575
095118306097
01799040874
09518631044
01758414687
01797581622
01753775614
01753775614
01753775614
095161028
095161028
017661639843
01797763795
01797763795
01797763795
01797763795
01797358457
01797358457
01797358457
01797358457
01797358457
01797358457
01797358457
015140379469
015140379469
015140379469
015140379469
015140379469
015140379469
015140379469
015140379469
015140379469
015140379469
015140379469
015140379469
015140379469
015140379469
015140379469
015140379469
015140379469
015140379469
017630779139
017630779139
017630779139
017630779139
017630779139
01638200984
01638200984
01638200984
01604828587
01604828587
01604828587
01604828587
01604828587
01604828587
01604828587
01604828587
01604828587
01604828587
01604828587
01604828587
01604828587
01604828587
01604828587
01604828587
01604828587
01604828587
01604828587
01604828587
01604828587
015128151511
015128151511
015128151511
015128151511
015115993799
042165950364
017631698334
017696971320
017696971320
09502250
01725867560
09502250
01725867560
01725867560
09502250
09502250
09502250
09502250
09502250
09502250
01779639403
01779639403
01797358457
01797358457
01797358457
01797358457
01797358457
01797358457
01797358457
01797358457
01797358457
01797358457
01797358457
01797358457
01797358457
01797358457
01797358457
01797358457
01797358457
015140379469
015140379469
015140379469
015140379469
015140379469
01013
19410
19410
09113224522
09113224522
01797358457
01796887453
017630779139
017630779139
017630779139
017630779139
017630779139
017630779139
017620553215
015128151511
015128151511
09518632865
095118306097
01638200984
01638200984
01638200984
01638200984
01638200984
01638200984
01797581622
01797581622
017661639843
017663208251
017663208251
017663208251
017663208251
017663208251
01604828587
01604828587
01604828587
01604828587
01604828587
01604828587
01604828587
01604828587
01604828587
01604828587
01604828587
01604828587
01604828587
01604828587
01604828587
01604828587
01604828587
01604828587
01604828587
01604828587
01604828587
01604828587
01771756542
017
01758414687
015785542675
01725867560
01725867560
01771756542
017664824322
017661578235
01637176320
015128151511
017663208251
017621200036
017621200036
01782084544
01782084544
01782084544
09502250
09502250
01725867560
09502250
09502250
09502250
09502250
09502250
09502250
09502250
09502250
09502250
01758414687
01758414687
01758414687
01781809264
0041799039143
00447593863200
015140379469
015140379469
015140379469
015140379469
015140379469
015140379469
015140379469
015140379469
015140379469
015140379469
015140379469
015140379469
01638200984
01638200984
01638200984
01797358457
01797358457
01797358457
01797358457
09502250
09502250
09502250
09502250
01725867560
09502250
09502250
09502250
09502250
017624438044
017624438044
017624438044
017624438044
01713377855
01713377855
017615188288
01799015441
01799015441
01728604807
01728604807
09518631023
017647050287
017647050287
017647050287
017647050287
015774303331
01736831456
017624130225
017684050959
017624294015
01728102310
0951420430
0951420430
01728102310
01728102310
01704630737
01773210862
01773210862
017670328532
09514088685
09514088685
017670328532
095123852
015151647375
017696971320
017696971320
017696971320
017696971320
017696971320
017696971320
017696971320
017696971320
01741879334
01741879334
01781393858
01796887453
01796887453
01796887453
01796887453
01796887453
01796887453
01796887453
01796887453
01797358457
01797358457
01797358457
01797358457
01797358457
01797358457
01797358457
01797358457
01758414687
01758414687
01631904070
017674550739
017674550739
017674550739
017674550739
017674550739
017674550739
017674550739
017674550739
017674550739
01797581622
01797581622
01797581622
01797581622
01797581622
01797581622
01797581622
01797581622
01797581622
01797581622
01797581622
01797581622
01797581622
01797581622
01797763795
01797763795
01797763795
01797763795
01797763795
01795224260
01795224260
01795224260
01795224260
01795224260
01795224260
01795224260
01795224260
01795224260
01795224260
042168461814
01795224260
01795224260
00491795224260
00491795224260
015126890606
017620106103
017620106103
017620106103
00523420808294
003250542218
00441482708200
003523420808294
003523420808294
09502250
09502250
09502250
09502250
627587
017670328532
01759406937
017625304310
00491795224260
016091171851
01797358457
01797358457
01796887453
01796887453
01716202932
0041763069372
01755592888
01774572815
09518631521
09518631557
09515891669
09518632830
09518632830
09518632830
09518632830
09518632830
09516010432
09516010432
09516010432
0951915170
0951915170
0951915170
0951915170
095125534
095125534
095125534
095125534
01797071312
6424235
017620106103
095173244
095173244
095058050493
095058050493
017666629752
01728102310
01728102310
01728102310
